e:
65537

n:
351267754916057434949859095305981271087770887773092330617417476358230661341804595705574580271467792437631663026167643354083453918504806426121885999031009309

AES_key_cipher:
42325394862171011686610394082830152325773637014532441647187823931313400877228724638484081189474417718605541713268678100934429127174985753229215074456560234

ECC:
0011001 1100110 1100110 1110000 1101001 0100101 0101010 1111111 0110011 1100110 1001100 0101010 1110000 0101010 1001100 1110000

AES_cipher:
bHSmoSZ2N6grZbIpr0ilrPjqLz54XqoEPPi/DYwMpaA=